0.1	1
0.1	2
0.1	3
0.1	4
0.1	5
0.1	6
0.1	7
0.1	8
0.1	9
0.1	10
0.1	11
0.1	12
0.1	13
0.1	14
0.1	15
0.1	16
0.1	17
0.1	18
0.10054609900000067	19
0.10635705800000039	20
0.10727549499999967	21
0.10861721100000032	22
0.10899979999999942	23
0.11164963599999922	24
0.11259856200000051	25
0.11260653100000084	26
0.1151549480000007	27
0.11543685000000004	28
0.11559649600000022	29
0.11940732499999918	30
0.12355215000000008	31
0.12367344599999974	32
0.12378194200000081	33
0.12640021900000065	34
0.12721348	35
0.1277518569999998	36
0.12775366600000027	37
0.13158839599999972	38
0.13159543699999965	39
0.1317417840000008	40
0.13191131600000006	41
0.1326067000000002	42
0.13289690699999923	43
0.13555048699999972	44
0.13566861700000032	45
0.1357362730000009	46
0.13585875000000058	47
0.1362273700000003	48
0.13816649199999986	49
0.1385372149999995	50
0.13902379900000028	51
0.13929427400000094	52
0.13951455099999954	53
0.13971409400000034	54
0.13984968499999972	55
0.14067085499999976	56
0.1419402190000003	57
0.14248284199999972	58
0.14514851200000045	59
0.1469138369999996	60
0.14753130399999925	61
0.14763472399999955	62
0.14774151700000004	63
0.14948855199999933	64
0.15173891999999967	65
0.15212712900000014	66
0.15230285099999996	67
0.15233966099999918	68
0.15278576300000068	69
0.15477727400000063	70
0.15480169299999957	71
0.15817697499999994	72
0.1590532610000004	73
0.16033537899999928	74
0.1614333650000006	75
0.16188648500000014	76
0.16347924899999988	77
0.1634875030000007	78
0.16373833699999985	79
0.16377995600000084	80
0.16611414199999963	81
0.1671061569999992	82
0.168218113	83
0.16919850400000058	84
0.17045126800000077	85
0.1705425750000007	86
0.171426898	87
0.17207488100000035	88
0.17310172800000068	89
0.17417581600000176	90
0.1744206300000002	91
0.17513684999999946	92
0.17532121700000047	93
0.1754098190000004	94
0.17844851699999964	95
0.17885787700000044	96
0.1791255379999992	97
0.1794694529999994	98
0.17963613100000053	99
0.18087972800000074	100
0.18286567100000006	101
0.18317576599999974	102
0.18333764600000002	103
0.18394023099999934	104
0.18712976299999973	105
0.18786669800000055	106
0.1883274840000002	107
0.19113892999999926	108
0.19134271300000094	109
0.19159187300000013	110
0.1919236600000005	111
0.19561676800000072	112
0.1959454919999999	113
0.1965452299999999	114
0.19682581700000057	115
0.1988609350000008	116
0.1992051109999995	117
0.1992423340000009	118
0.19944445500000008	119
0.19963855499999994	120
0.1997573320000008	121
0.20027632899999936	122
0.2008934809999996	123
0.20120673299999936	124
0.20296934299999947	125
0.2031557510000006	126
0.2031766380000004	127
0.2036268260000007	128
0.2036638239999995	129
0.20389059500000073	130
0.20426758700000036	131
0.20493169500000086	132
0.20689012499999926	133
0.20705323200000159	134
0.2075742990000009	135
0.2078259580000008	136
0.20800518000000068	137
0.20873468199999934	138
0.21147937299999953	139
0.21152784799999935	140
0.21252574000000024	141
0.21326072199999935	142
0.21484734799999927	143
0.21504861100000028	144
0.2156109199999996	145
0.21568091600000017	146
0.21633141500000086	147
0.21642098100000062	148
0.21947912899999977	149
0.22003624100000074	150
0.22007417700000076	151
0.22031971200000022	152
0.22132363499999919	153
0.22190061999999955	154
0.22198530600000055	155
0.22290134400000028	156
0.22308434700000035	157
0.223216635	158
0.2235824399999995	159
0.22403247399999948	160
0.2251953310000001	161
0.22757597800000084	162
0.22821507399999952	163
0.22976017400000082	164
0.2307741839999995	165
0.2311495069999996	166
0.23118274100000136	167
0.23126596100000008	168
0.23261990099999963	169
0.23325010599999985	170
0.2337936150000015	171
0.23437529999999995	172
0.23517286300000073	173
0.23534106099999974	174
0.23547239200000014	175
0.23620269499999935	176
0.2384150130000009	177
0.2388878890000008	178
0.2394714459999996	179
0.23955429599999967	180
0.23959370500000077	181
0.23962528000000027	182
0.23968574699999934	183
0.23980891399999926	184
0.23988816700000015	185
0.2402352790000002	186
0.24079600800000023	187
0.24194677200000037	188
0.24307129299999986	189
0.24311051099999936	190
0.24396547999999996	191
0.24397457899999964	192
0.2443283919999999	193
0.24653454000000075	194
0.24717711199999925	195
0.24765372699999944	196
0.24812903900000016	197
0.24814156499999918	198
0.24826046499999954	199
0.248496072	200
0.2487218819999999	201
0.25003506200000025	202
0.2509694530000015	203
0.2514588740000008	204
0.2515483360000008	205
0.2517072819999999	206
0.25186544099999963	207
0.25186743999999983	208
0.2519272010000009	209
0.2519286059999999	210
0.2519717640000003	211
0.25200988400000135	212
0.25406611400000045	213
0.2543508259999996	214
0.25493762099999984	215
0.25512152599999993	216
0.2554288230000008	217
0.2554437899999993	218
0.2557453260000013	219
0.25576135999999927	220
0.2560384330000005	221
0.2560520670000006	222
0.2564347859999998	223
0.25648924999999956	224
0.2565163090000002	225
0.25711772300000035	226
0.2574847800000004	227
0.25920018000000056	228
0.2596187410000006	229
0.25991841099999924	230
0.2599473959999994	231
0.2602873369999994	232
0.26037999100000064	233
0.26104007700000054	234
0.2615139590000002	235
0.26214969399999966	236
0.26268297700000076	237
0.2626888800000007	238
0.26299638100000067	239
0.26315300000000086	240
0.2632016280000009	241
0.26320640300000164	242
0.2632802200000004	243
0.2633820119999992	244
0.26370332399999974	245
0.26408193700000027	246
0.26432792199999966	247
0.26472567899999966	248
0.26709177300000064	249
0.26711435600000044	250
0.2672451380000016	251
0.26736806299999927	252
0.26745291199999954	253
0.2674927569999994	254
0.2683519059999995	255
0.2697456720000009	256
0.2699491930000004	257
0.27073661000000016	258
0.2710142280000003	259
0.2718712770000007	260
0.2723429470000003	261
0.2727953630000002	262
0.2729444359999995	263
0.27396826800000085	264
0.2750906990000015	265
0.2752404970000004	266
0.2753429400000016	267
0.2754311489999992	268
0.27557734900000064	269
0.27573625600000007	270
0.2758076910000007	271
0.27607997399999995	272
0.27618180400000014	273
0.2763421830000006	274
0.2776735170000002	275
0.2790670810000009	276
0.2793807570000002	277
0.2798865159999995	278
0.2799550869999994	279
0.2804252199999997	280
0.28076713199999936	281
0.2811225250000007	282
0.28244293300000045	283
0.2835306630000005	284
0.28380938399999955	285
0.28392048599999953	286
0.2840391699999998	287
0.2841015969999994	288
0.2841222230000007	289
0.28438280700000007	290
0.28439894299999935	291
0.28440398600000094	292
0.2851138740000003	293
0.28713592100000085	294
0.2875811749999997	295
0.28811611499999934	296
0.2883369929999997	297
0.28896773499999995	298
0.28939114900000007	299
0.2897024839999993	300
0.2915267410000002	301
0.29155784399999973	302
0.2916858470000001	303
0.2917884390000012	304
0.2925232019999999	305
0.2944967150000011	306
0.2946377680000012	307
0.2956248430000006	308
0.29574554999999947	309
0.2960233720000005	310
0.2989515669999996	311
0.29916444800000086	312
0.2993699989999996	313
0.29983618900000053	314
0.3002473390000002	315
0.3003271860000005	316
0.30129500099999973	317
0.3028270590000002	318
0.3030780550000003	319
0.3037171090000008	320
0.3050551220000006	321
0.3066167590000006	322
0.30746892300000006	323
0.3078695539999998	324
0.30859024499999954	325
0.3095577570000003	326
0.31101385500000056	327
0.31136393300000087	328
0.31157407999999975	329
0.3119765360000013	330
0.31270966400000155	331
0.31509003000000035	332
0.31587420099999974	333
0.3163387859999993	334
0.31637710400000074	335
0.31645133299999983	336
0.3174506990000001	337
0.3177216440000006	338
0.3196227220000001	339
0.319728778	340
0.3229219830000005	341
0.323328815	342
0.3267010639999999	343
0.32789937999999985	344
0.32838589600000034	345
0.3289244480000004	346
0.33007674800000153	347
0.33161434100000164	348
0.33215459400000036	349
0.3324515479999999	350
0.33253641700000003	351
0.3328290729999992	352
0.33326106700000047	353
0.33392356200000073	354
0.3351435340000002	355
0.3351457129999993	356
0.33515195800000086	357
0.3358017750000002	358
0.33631494900000014	359
0.3367305930000004	360
0.34002164800000045	361
0.3403069609999996	362
0.3407594189999994	363
0.3409230440000002	364
0.34300332300000136	365
0.3434954690000005	366
0.3447447980000007	367
0.34690116500000023	368
0.34707267799999997	369
0.34807136999999955	370
0.3509263520000001	371
0.3515339869999998	372
0.3525205489999994	373
0.3529718959999997	374
0.3544132209999997	375
0.3554411520000009	376
0.3558011539999999	377
0.356715715	378
0.35960463700000034	379
0.36015151700000025	380
0.36081697900000087	381
0.36112359700000063	382
0.3618667200000001	383
0.3636679160000007	384
0.36437381900000076	385
0.3655253320000007	386
0.3668035130000007	387
0.36891446000000094	388
0.3710624950000003	389
0.371634684	390
0.3760580789999999	391
0.37637102000000056	392
0.3764338939999998	393
0.37659827100000065	394
0.3775643360000007	395
0.3787764710000001	396
0.3789511920000006	397
0.37913049500000007	398
0.3791771940000004	399
0.37977801100000086	400
0.38040684400000124	401
0.38484767399999953	402
0.3853721179999994	403
0.3879413490000001	404
0.3880677119999998	405
0.3880880169999994	406
0.38873051600000075	407
0.39049562800000004	408
0.39085563799999967	409
0.39149281800000146	410
0.39171081399999963	411
0.39197412400000076	412
0.3953609139999994	413
0.3984015949999993	414
0.39905930599999984	415
0.4035435560000007	416
0.40484887100000044	417
0.40726165999999964	418
0.4073678679999997	419
0.4078863869999996	420
0.41173065100000095	421
0.4127041059999996	422
0.41278035500000065	423
0.41289612299999945	424
0.41794132300000086	425
0.41992577799999964	426
0.4207575919999993	427
0.42337509999999945	428
0.42411016299999993	429
0.4266618540000007	430
0.42752069900000045	431
0.42753967300000006	432
0.43032914099999964	433
0.4311820950000005	434
0.4356907020000005	435
0.4370107409999999	436
0.4372034590000009	437
0.43992961800000074	438
0.4402892620000003	439
0.44324658100000036	440
0.4451033009999996	441
0.44837471299999976	442
0.4503236130000001	443
0.45037556599999995	444
0.45238010099999926	445
0.4524485760000001	446
0.45248839899999993	447
0.4561421869999993	448
0.46225444900000134	449
0.4635918520000004	450
0.4643265809999999	451
0.4646429360000006	452
0.47048257299999996	453
0.4706729559999996	454
0.47216807799999927	455
0.4730278479999992	456
0.4730379839999994	457
0.4744803560000008	458
0.4751869080000013	459
0.4753616360000006	460
0.4787389589999993	461
0.4848911670000007	462
0.48523426899999933	463
0.48819470499999973	464
0.4885617870000001	465
0.4891310769999997	466
0.4891976670000009	467
0.4924505519999993	468
0.4930566729999999	469
0.4940562590000006	470
0.5000287740000005	471
0.502108787000001	472
0.5074444430000007	473
0.5095398759999998	474
0.5117101920000007	475
0.5127384880000001	476
0.5156984439999999	477
0.516049829	478
0.5188154070000017	479
0.5293778119999999	480
0.5366423560000015	481
0.5393984550000006	482
0.5398958960000009	483
0.5465984310000014	484
0.5507371500000016	485
0.555191090000001	486
0.5564500510000006	487
0.5607379029999997	488
0.5657256760000013	489
0.5686938450000003	490
0.592028848	491
0.5928650659999999	492
0.5968248220000003	493
0.5971602770000004	494
0.5989722430000004	495
0.6084364620000002	496
0.6122535850000013	497
0.6182535400000013	498
0.6245672540000005	499
0.6311275950000006	500
0.639181958	501
0.6397652970000003	502
0.6443075199999999	503
0.6562165550000003	504
0.6667247580000009	505
0.6722808950000001	506
0.680709868000001	507
0.6879051440000001	508
0.7048597599999997	509
0.7048958729999999	510
0.7071400440000009	511
0.7102031419999992	512
0.7160595930000007	513
0.7199385710000001	514
0.7210210860000004	515
0.7238235789999994	516
0.7254334139999994	517
0.7277132640000001	518
0.7281597949999998	519
0.7332634329999994	520
0.7435193279999996	521
0.7478071060000016	522
0.7480378870000006	523
0.7965283109999994	524
0.800459837	525
0.8157736750000009	526
0.8196734550000002	527
0.8710698089999998	528
0.8781848430000014	529
0.8800877650000007	530
0.893799606	531
0.9166745330000001	532
0.9221363600000014	533
0.9254394710000007	534
0.9272339889999994	535
0.9481827880000004	536
0.9535317980000002	537
0.9554694210000001	538
0.9728438419999996	539
0.9796149449999998	540
1.0005803570000005	541
1.0184455680000006	542
1.0433627009999995	543
1.056149627	544
1.0639196640000002	545
1.1054640260000017	546
1.1077155760000004	547
1.1081293120000009	548
1.1103565720000006	549
1.1164987489999998	550
1.1205400999999995	551
1.124176468	552
1.1373790499999998	553
1.1529540039999997	554
1.152969605000001	555
1.1534045539999997	556
1.1578414890000008	557
1.1648189519999992	558
1.1694787600000005	559
1.1761544209999997	560
1.177663054	561
1.1778022440000004	562
1.1926021850000001	563
1.1933287640000003	564
1.1957984469999996	565
1.2015766919999997	566
1.2018015450000004	567
1.213744363	568
1.228971467000001	569
1.2396195980000009	570
1.2511850770000006	571
1.2800351479999996	572
1.3003223490000018	573
1.309396908	574
1.3122282490000003	575
1.3254923079999994	576
1.3362467250000005	577
1.3834660490000008	578
1.3860610530000006	579
1.3923581190000007	580
1.3943523229999997	581
1.4091969019999997	582
1.4158484720000004	583
1.4640053809999998	584
1.471155854000001	585
1.5696831820000003	586
1.5749098540000013	587
1.5953912380000013	588
1.6357136479999994	589
1.638466031	590
1.6426624529999998	591
1.66251338	592
1.671716765000001	593
1.6929723910000014	594
1.7034920249999992	595
1.7056511870000008	596
1.7060603630000006	597
1.7458568250000006	598
1.7658182559999993	599
1.7770837660000005	600
1.7809289400000008	601
1.8127356370000012	602
1.8178609280000018	603
1.817875947000001	604
1.841865136000001	605
1.8426583410000017	606
1.854049786000001	607
1.8643031820000004	608
1.869162997	609
1.8842078069999992	610
1.9061936640000017	611
1.9066724050000001	612
1.907356258	613
1.9430269030000016	614
1.9704744190000003	615
1.9841576399999994	616
1.9894434590000003	617
1.9903726550000016	618
1.9907555170000002	619
1.9957416269999992	620
2.0153641550000003	621
2.021225516000001	622
2.0266854410000015	623
2.0342796220000015	624
2.0424533520000008	625
2.054522994000001	626
2.0546686070000018	627
2.0566710020000016	628
2.070348385000001	629
2.0771794779999997	630
2.0857513080000007	631
2.0899382310000014	632
2.1021819720000003	633
2.1101733330000005	634
2.110341721000001	635
2.113767438	636
2.1171781220000003	637
2.1174486220000013	638
2.1298512040000013	639
2.134013102000001	640
2.1407871980000017	641
2.153722353000001	642
2.17805961	643
2.190161606	644
2.1964164350000015	645
2.1991437340000015	646
2.199301558	647
2.202967386000001	648
2.2496354800000002	649
2.289256162000001	650
2.2896916760000003	651
2.3265745740000003	652
2.335008792	653
2.336965848	654
2.385815257000001	655
2.4985978650000007	656
2.6005572239999992	657
2.6068210680000004	658
2.6124352	659
2.803746962	660
2.836866884000001	661
2.8478918980000003	662
2.8876952409999994	663
3.025021531	664
3.0536798439999995	665
3.0675254899999995	666
3.1853825350000005	667
3.256947265000001	668
3.3287924390000008	669
3.4564629769999993	670
3.47061697	671
3.4857070639999996	672
3.507335306	673
3.682146521	674
3.7377428150000007	675
3.9032168869999992	676
3.9213404769999993	677
3.936265445	678
4.005509678999999	679
4.022759929000001	680
4.039731947	681
4.063855897	682
4.072546456000001	683
4.131767774	684
4.172979046	685
4.2133986650000015	686
4.2396916650000005	687
4.273159773	688
4.276006029000001	689
4.2805202399999995	690
4.312675960000002	691
4.351904282000001	692
4.454824354000001	693
4.482925544	694
4.503757036000001	695
4.541070845	696
4.647762271000001	697
4.739497116000001	698
4.756132322000001	699
4.772237169	700
4.862874841	701
4.871080695000002	702
4.884831751	703
4.943095814000001	704
4.9463533370000015	705
4.961602605000001	706
4.975999917000001	707
5.015766021000001	708
5.022826996000001	709
5.103029811000001	710
5.110884154000001	711
5.1272006789999995	712
5.147716192000001	713
5.151849106	714
5.151853702	715
5.175352796	716
5.245637821000001	717
5.307462872	718
5.312850054	719
5.316125628000002	720
5.317490430000001	721
5.325443626	722
5.3710936180000015	723
5.4136199210000004	724
5.441027875000001	725
5.452928553	726
5.4809684910000005	727
5.4833985730000006	728
5.516503200000001	729
5.5242735199999995	730
5.574255078	731
5.624479032000002	732
5.643022938000001	733
5.647741808999999	734
5.699893603000001	735
5.745288718000001	736
5.7489954149999996	737
5.775651760000001	738
5.816053966	739
5.816748132000001	740
5.8466260000000005	741
5.9828395620000006	742
6.008316155999999	743
6.080455883000001	744
6.151076822	745
6.268111304000001	746
6.322521703	747
6.360476361	748
6.427132442	749
6.517282666	750
6.52309312	751
6.558397510000001	752
6.663242985	753
6.666739885	754
6.696565312000001	755
6.847399176	756
6.869532022000001	757
7.051018276000001	758
7.069091802999999	759
7.123919768	760
7.256774769	761
7.287457118000001	762
7.3016287890000005	763
7.382189868999999	764
7.649282943999999	765
7.667473105999999	766
7.773520105999999	767
7.8554089220000005	768
7.876927527000001	769
7.882379273	770
7.906275615	771
8.091361271999999	772
8.193965195000002	773
8.294956403999999	774
8.579653037000002	775
8.652809029999998	776
8.676481043	777
8.798943419999999	778
9.080072633999999	779
9.175369795	780
9.243046384000001	781
9.336508328000003	782
9.455948507	783
9.494316606	784
9.496960106000001	785
9.584282460999999	786
9.822063181999999	787
9.972931973	788
10.102979806999999	789
10.190917880000002	790
10.462841661	791
10.466393209000001	792
10.524491287000002	793
10.643731545	794
10.704334946000001	795
10.808134579000003	796
10.924208981000001	797
10.948928849	798
10.995522478	799
11.23469839	800
11.398611903	801
11.425988769000002	802
11.439807958000001	803
11.535863515	804
11.548549479	805
11.735702277	806
11.748234044000002	807
11.869288214	808
11.972179234	809
11.980319017000001	810
11.991702080000001	811
12.09982633	812
12.101655248999998	813
12.139704427	814
12.216598451000001	815
12.387133455999999	816
12.634562125	817
12.659622358000002	818
12.682908607	819
12.835579475000001	820
12.943452525	821
12.97236185	822
13.173040709	823
13.177752351	824
13.221820772	825
13.440526559	826
13.716076662	827
13.725946442	828
13.998723140000001	829
14.077605843999999	830
14.313662749	831
14.459556561000001	832
14.551428190000001	833
14.555825769	834
15.265424136000002	835
15.534389147	836
15.743583192000001	837
15.924319657	838
16.102751243	839
16.31874182	840
16.513249674	841
16.547266641	842
16.927472280000003	843
17.038637649	844
17.360642206	845
17.494386948	846
17.501770021	847
18.154112843999997	848
18.179418769	849
18.482742314	850
18.765424019	851
19.141880236	852
19.196113493	853
19.525443711	854
19.57955321	855
19.831258271000003	856
19.850394957	857
19.930811098	858
20.103160211000002	859
20.274698673000003	860
20.655445641	861
21.203117146000004	862
21.327379819	863
21.755680865000002	864
21.785180103000002	865
22.014297835999997	866
22.074405589	867
22.272500448000002	868
22.280399429	869
22.304982476	870
22.441205502000003	871
22.929735117	872
23.026572440000002	873
23.188400653000002	874
23.304955581	875
23.317507301	876
23.59470539	877
23.772755512000003	878
23.83340166	879
24.025333556999996	880
24.062020796	881
24.165094742	882
24.540805637999995	883
24.552424129000002	884
24.808899667999995	885
24.987321547999997	886
25.003446962000005	887
25.343636621	888
25.408212402000004	889
25.656764031999998	890
25.665291605999997	891
26.036847222	892
26.479657765	893
26.626903961000004	894
26.781678229	895
26.834973753	896
27.13890286	897
27.531153559000003	898
27.624822355	899
27.838528701	900
27.972952626	901
28.014065038999995	902
28.131514768000002	903
28.60404476	904
28.624644839999995	905
29.056665875999997	906
29.287938527999998	907
30.219725952000005	908
30.429971375999997	909
30.793292309	910
30.945500509999995	911
30.997492922	912
31.150762619999995	913
31.354212173	914
31.418134885999997	915
31.484082715	916
31.792638275	917
31.980664308999998	918
32.024274539	919
32.101496917	920
32.36342123	921
32.405630475	922
32.89197804	923
32.919808585999995	924
33.624505623	925
33.839147656	926
34.701531799	927
34.768692502	928
34.943836497	929
34.995326512	930
35.225086429	931
35.492434543	932
35.988440092	933
36.104172279000004	934
36.329684215	935
36.539761633000005	936
36.80032714	937
37.340471008	938
37.388053477999996	939
37.717899360000004	940
37.721814779999995	941
37.966755053	942
38.39139602	943
38.677965983	944
39.102707826	945
39.169384719	946
39.489979413	947
39.495171544	948
39.588696616	949
39.786839416	950
40.110221372000005	951
40.481551644	952
40.497412673	953
40.682119283999995	954
40.789897112999995	955
41.838938127	956
41.907797424	957
42.151513732	958
42.189018524000005	959
42.720875371	960
43.681540954999996	961
43.747836905	962
44.114901495	963
44.707138982	964
44.861368672	965
45.391669480000004	966
45.533279402	967
45.59214344	968
45.803645548999995	969
46.254039338999995	970
46.872184107	971
47.895433003	972
49.097879954	973
49.188750273000004	974
49.210912339	975
50.666579573	976
51.114472203999995	977
51.409942918000006	978
51.545307457	979
52.081650016	980
52.184328723	981
52.207394212000004	982
52.878951698	983
52.886440392	984
53.300018002	985
53.703133988	986
53.728736785	987
54.569089329	988
55.818737442999996	989
56.107601806	990
58.244393079	991
58.881822623	992
60.883622466	993
61.176104085	994
61.606230402	995
61.974951055	996
62.61558301	997
62.66869655199999	998
62.93144696699999	999
63.42479557800001	1000
63.480318637	1001
64.06610802300001	1002
64.084707866	1003
65.109072144	1004
67.078112292	1005
67.738944743	1006
67.8280596	1007
69.148733068	1008
71.06228611	1009
72.779162337	1010
73.17179258600001	1011
75.24479059400001	1012
76.362257199	1013
76.914328235	1014
77.08233895100001	1015
78.604897639	1016
79.477293469	1017
80.281588729	1018
81.45675093	1019
81.78446984700001	1020
82.00379345	1021
84.048870702	1022
84.544241273	1023
84.550532507	1024
86.67456420699999	1025
87.547797837	1026
91.041329583	1027
92.165556517	1028
94.934456474	1029
95.411813421	1030
95.891573233	1031
97.449287935	1032
104.638506558	1033
105.749850843	1034
106.912499847	1035
107.532133266	1036
107.588652003	1037
109.64004560800001	1038
112.260959	1039
112.53186484	1040
112.651937134	1041
112.79132551800001	1042
117.318037507	1043
120.844011211	1044
121.84970050900002	1045
122.77282363100001	1046
124.43329348800002	1047
125.783913999	1048
126.17803276400001	1049
128.96690227099998	1050
129.65264658299998	1051
130.70553615199998	1052
132.01115921	1053
132.279156693	1054
136.398334707	1055
138.296023032	1056
138.370090926	1057
142.206561222	1058
142.423244083	1059
143.82891998399998	1060
145.99253485399998	1061
146.486522009	1062
148.074323574	1063
151.176854144	1064
152.222011198	1065
152.70254670399999	1066
159.69671886999998	1067
163.634004388	1068
169.972420141	1069
170.829911611	1070
171.453937067	1071
172.56336473	1072
176.187918748	1073
187.66924785199998	1074
189.063653176	1075
202.34145819699998	1076
202.888707136	1077
237.27522958999998	1078
237.54063634899998	1079
256.328800515	1080
260.031667602	1081
260.32206811400005	1082
263.862158606	1083
271.16910060000004	1084
306.566651759	1085
335.310861707	1086
352.51945657600004	1087
393.402229389	1088
394.662824917	1089
