0	1
0	2
0.002257765000000078	3
0.0024768740000000733	4
0.0034858389999999906	5
0.003964913000000014	6
0.003980819000000024	7
0.004025200000000062	8
0.004187950000000051	9
0.00423050200000008	10
0.004281736000000036	11
0.004318052999999988	12
0.004551770000000066	13
0.004977557999999993	14
0.005125141000000055	15
0.005130458000000004	16
0.005378906999999988	17
0.005631357000000059	18
0.005695942999999981	19
0.005767993000000082	20
0.005955130000000031	21
0.005963606999999982	22
0.006096478000000016	23
0.006104666000000036	24
0.00648852600000005	25
0.006489018000000013	26
0.006571065000000043	27
0.00657459199999999	28
0.0065809439999999775	29
0.006709247000000085	30
0.006716453000000011	31
0.006818168000000013	32
0.006979179000000002	33
0.007081992000000037	34
0.007392316999999982	35
0.007521174000000075	36
0.007561831000000074	37
0.00784174400000004	38
0.007963785000000057	39
0.008030725000000016	40
0.008089744000000065	41
0.008155203000000055	42
0.008242233000000043	43
0.008394020000000002	44
0.008549330999999993	45
0.008721984000000016	46
0.008771199000000007	47
0.008839898000000068	48
0.009028271000000032	49
0.009367471999999988	50
0.009524354000000068	51
0.009595840999999994	52
0.009632264000000057	53
0.009646291000000029	54
0.009682874000000008	55
0.009740603000000014	56
0.009772128000000047	57
0.009825411999999978	58
0.009851005000000024	59
0.00985789700000006	60
0.009865023000000028	61
0.009911179000000048	62
0.009950678000000046	63
0.010011627999999995	64
0.010026521999999982	65
0.01010937700000003	66
0.01010998800000007	67
0.010245677000000009	68
0.010274792000000033	69
0.010301408999999984	70
0.01040112999999998	71
0.010464934000000037	72
0.010548324000000053	73
0.010610564000000045	74
0.010698033000000051	75
0.01070137300000007	76
0.010784326999999982	77
0.010849331000000073	78
0.010973832999999988	79
0.01098222900000001	80
0.011029994000000043	81
0.011033952999999985	82
0.011132071000000021	83
0.011199740000000014	84
0.01125498700000005	85
0.011309343000000083	86
0.011427760000000009	87
0.011665136000000076	88
0.012057529000000011	89
0.012100537999999994	90
0.01211048800000003	91
0.012169843000000014	92
0.01220985100000005	93
0.012247655000000024	94
0.012258662000000031	95
0.01229399199999992	96
0.012419357000000075	97
0.012533465000000077	98
0.012665705000000083	99
0.012756995000000049	100
0.013178813000000011	101
0.013344012999999988	102
0.013444314000000013	103
0.013648816000000008	104
0.013868148000000025	105
0.013978076999999978	106
0.013983944999999998	107
0.014063227000000067	108
0.014342394000000036	109
0.014443568000000018	110
0.014763367000000027	111
0.015022398000000048	112
0.01509731000000003	113
0.015104136000000046	114
0.015141638000000013	115
0.015344391000000068	116
0.015432163000000054	117
0.015509061000000046	118
0.015686060000000057	119
0.015774121000000085	120
0.015922046999999995	121
0.01598311699999999	122
0.016084431999999982	123
0.016260127999999985	124
0.016278486000000036	125
0.01708769100000007	126
0.01819305900000001	127
0.019106383999999976	128
0.01918761000000002	129
0.02024787700000008	130
0.02078147000000008	131
0.021313996000000057	132
0.021324650000000056	133
0.021428431999999997	134
0.021541901000000085	135
0.021678115000000053	136
0.02196794099999999	137
0.02215227800000008	138
0.022195151999999996	139
0.022285858999999908	140
0.02266476000000006	141
0.023244609000000027	142
0.02376997600000008	143
0.024205164000000057	144
0.024907530999999983	145
0.027052864000000065	146
0.029441892000000025	147
0.03152159600000004	148
0.03391361100000001	149
0.03527229700000001	150
0.03556120000000007	151
0.036037792999999985	152
0.03714967800000002	153
0.03760078500000008	154
0.03985241000000006	155
0.04177146799999998	156
0.04178588800000005	157
0.042407395999999986	158
0.044101119999999994	159
0.04636904900000005	160
0.047108025	161
0.05007491200000003	162
0.18069654400000001	163
0.1807931250000001	164
0.18095847799999998	165
0.18135295499999993	166
0.182459975	167
0.1825824840000001	168
0.182622556	169
0.18272727499999997	170
0.18282600399999993	171
0.18293519600000008	172
0.183864527	173
0.18394409499999997	174
0.18401633699999997	175
0.18402284000000013	176
0.1841699109999999	177
0.18424996100000013	178
0.18457453999999995	179
0.1849640130000001	180
0.18501677799999994	181
0.18537968800000004	182
0.18551421899999998	183
0.18592980400000014	184
0.18613064600000007	185
0.18633003799999992	186
0.186353239	187
0.186591301	188
0.18659489600000012	189
0.18665403699999994	190
0.186744378	191
0.18679649399999998	192
0.18680690199999994	193
0.18722879800000003	194
0.18733455099999996	195
0.18790255199999994	196
0.187932235	197
0.18797865600000008	198
0.18811407200000008	199
0.18815966100000003	200
0.188680273	201
0.18896722500000007	202
0.1889819210000001	203
0.18918665899999998	204
0.189408307	205
0.1894177720000001	206
0.189675684	207
0.18991420299999995	208
0.190528955	209
0.19059727399999993	210
0.19134697899999997	211
0.19146727899999993	212
0.19190569999999996	213
0.19200084100000003	214
0.19203102400000005	215
0.19215878099999995	216
0.1930347830000001	217
0.19331936399999994	218
0.19338255399999993	219
0.19369868099999998	220
0.193824549	221
0.19386256000000013	222
0.19403265599999997	223
0.19413083499999995	224
0.19428525000000008	225
0.19448917499999996	226
0.1947145130000001	227
0.19471499799999992	228
0.19481714699999997	229
0.19514448799999995	230
0.195170191	231
0.19547289499999998	232
0.19560600399999994	233
0.19562267199999994	234
0.19579959999999996	235
0.19584353399999999	236
0.19586406899999997	237
0.19590026299999996	238
0.19606525600000002	239
0.19635640499999996	240
0.19660507299999996	241
0.19661334500000005	242
0.196980111	243
0.1978675700000001	244
0.1982583029999999	245
0.19833434900000002	246
0.19846967700000007	247
0.19890578800000003	248
0.19895936200000008	249
0.19915108399999992	250
0.1991533179999999	251
0.199436132	252
0.19945368900000005	253
0.1995299359999999	254
0.1996100839999999	255
0.19980059799999994	256
0.20011955800000014	257
0.20026024499999995	258
0.20027815500000012	259
0.20109831899999997	260
0.20111108199999994	261
0.20198031699999996	262
0.20204508599999993	263
0.20205337999999995	264
0.20205810800000013	265
0.2022295890000001	266
0.20250090700000012	267
0.20265495300000014	268
0.2028494460000001	269
0.20307849199999994	270
0.20399459599999992	271
0.20407649699999997	272
0.20416554899999995	273
0.20416880799999992	274
0.20443535199999996	275
0.20453877399999998	276
0.2046728499999999	277
0.20487295699999997	278
0.20498045999999992	279
0.20574934200000006	280
0.20582489400000004	281
0.20585625899999993	282
0.20613499699999993	283
0.20641011799999998	284
0.20649610200000001	285
0.206872654	286
0.20748044999999993	287
0.20753037399999996	288
0.20753420900000008	289
0.20794822400000013	290
0.20797530900000005	291
0.2080751369999999	292
0.20817078700000002	293
0.20912704999999998	294
0.20923155100000002	295
0.20948193999999998	296
0.209493363	297
0.21039271999999998	298
0.21045071599999998	299
0.21080349099999995	300
0.21094057199999994	301
0.21122735799999992	302
0.211646381	303
0.21207429599999994	304
0.21225001	305
0.21312454299999994	306
0.21383718499999993	307
0.21398300999999997	308
0.21406587999999993	309
0.214322903	310
0.21445668699999998	311
0.21446771999999992	312
0.214570166	313
0.2149586510000001	314
0.2157520610000001	315
0.2159141699999999	316
0.21658127699999996	317
0.217356479	318
0.21738433499999998	319
0.21739825199999996	320
0.218994849	321
0.21912807600000006	322
0.21918158399999998	323
0.21963470200000001	324
0.21970601699999992	325
0.22081608399999997	326
0.221481912	327
0.22162921599999996	328
0.22169325399999995	329
0.22186879699999995	330
0.22260137199999996	331
0.22315505800000013	332
0.22346081400000006	333
0.22404205499999996	334
0.22441188699999992	335
0.22463183600000014	336
0.2247149530000001	337
0.22544714100000007	338
0.22627418599999993	339
0.22738684599999992	340
0.22815595300000013	341
0.22844045299999993	342
0.22846535	343
0.2284872870000001	344
0.22926838799999993	345
0.22956147500000013	346
0.23066465300000005	347
0.2328911680000001	348
0.2331767600000001	349
0.23394972600000008	350
0.233972042	351
0.23404328800000007	352
0.23567187099999998	353
0.23708918800000012	354
0.23792543900000007	355
0.24261454299999996	356
0.24432627799999995	357
0.24582571000000009	358
0.24696142099999996	359
0.24824875899999999	360
0.2490269140000001	361
0.2504923670000001	362
0.2511481499999999	363
0.252105523	364
0.254061243	365
0.25433366199999985	366
0.2600432640000001	367
0.26233719499999997	368
0.26367652900000005	369
0.265457421	370
0.26592029699999986	371
0.2682572649999999	372
0.2692060169999999	373
0.270866512	374
0.2778637130000001	375
0.2784149679999999	376
0.27938897800000007	377
0.2798654569999999	378
0.281331848	379
0.281801164	380
0.28469798999999996	381
0.28708565899999994	382
0.2872234680000001	383
0.2877775840000001	384
0.2882612660000001	385
0.29147473699999993	386
0.29218669099999994	387
0.2945015820000001	388
0.3028015930000001	389
0.3096130719999999	390
0.3105929460000001	391
0.314827175	392
0.31682399800000005	393
0.3182441950000001	394
0.31865957200000006	395
0.32894200000000007	396
0.33873456699999993	397
0.3535696749999999	398
0.35951609399999995	399
0.3707991610000001	400
0.372359299	401
0.3724000110000001	402
0.3725515850000001	403
0.37458047799999994	404
0.37476445	405
0.37499946799999995	406
0.375641377	407
0.37624867000000006	408
0.37847092699999996	409
0.378889716	410
0.37922612199999994	411
0.37938852700000014	412
0.3793967979999999	413
0.37999406	414
0.38017720200000005	415
0.38038668600000003	416
0.382472575	417
0.3827607740000001	418
0.382856375	419
0.38387093900000013	420
0.38433381099999986	421
0.3850779959999999	422
0.3876172360000001	423
0.3891184409999999	424
0.389301087	425
0.39017519300000014	426
0.39170224099999995	427
0.391781044	428
0.394444445	429
0.3970002880000001	430
0.40258196199999996	431
0.404158547	432
0.4081542950000001	433
0.409920976	434
0.4124498779999999	435
0.422863725	436
0.4236225410000001	437
0.42604460499999997	438
0.439636661	439
0.44360951299999996	440
0.449378885	441
0.44946553200000006	442
0.4517785460000001	443
0.45574967899999996	444
0.46307623	445
0.46543681999999986	446
0.46645001900000005	447
0.47596834599999993	448
0.476156636	449
0.487432933	450
0.4878832179999999	451
0.494514659	452
0.513531771	453
0.516024797	454
0.527408026	455
0.530213512	456
0.5302952400000001	457
0.530650901	458
0.531578831	459
0.5334587319999999	460
0.5345285530000001	461
0.539131805	462
0.541832686	463
0.5418898169999999	464
0.5446093140000001	465
0.5460296709999999	466
0.547014533	467
0.5505631289999999	468
0.553624838	469
0.5623804560000001	470
0.5663763820000001	471
0.568299146	472
0.575228675	473
0.58023391	474
0.583965769	475
0.584320983	476
0.585519237	477
0.5858637550000001	478
0.586573797	479
0.587162014	480
0.588780455	481
0.593710414	482
0.596621203	483
0.6012337080000001	484
0.602807702	485
0.6042268150000001	486
0.6070920129999999	487
0.607557972	488
0.615937966	489
0.6195579390000001	490
0.6286218320000001	491
0.62865634	492
0.6291456280000001	493
0.6354607700000001	494
0.638002543	495
0.6423100509999999	496
0.6430760689999999	497
0.6478591310000001	498
0.64854922	499
0.65149729	500
0.6520430180000001	501
0.6548804449999999	502
0.658892794	503
0.660805641	504
0.6649013880000001	505
0.6684647640000001	506
0.6710380869999999	507
0.6726475510000001	508
0.675978685	509
0.6802415099999999	510
0.6847346589999999	511
0.6885556349999999	512
0.6929578439999999	513
0.697935049	514
0.69826028	515
0.6999376960000001	516
0.700085182	517
0.7046932180000001	518
0.7049290260000001	519
0.7070085830000001	520
0.7074898380000001	521
0.7231056679999999	522
0.7244703530000001	523
0.726215335	524
0.7324138660000001	525
0.732428187	526
0.735109768	527
0.735203177	528
0.741410291	529
0.742258944	530
0.7568870030000001	531
0.759042437	532
0.760088928	533
0.760130398	534
0.7602688389999999	535
0.7811881490000001	536
0.7817747800000001	537
0.7920789400000001	538
0.800496031	539
0.8009790459999999	540
0.8037180660000001	541
0.813716487	542
0.8233105000000001	543
0.8278866089999999	544
0.8284897519999999	545
0.8301063049999999	546
0.843256577	547
0.8472970119999998	548
0.8525930560000001	549
0.853055705	550
0.8573503920000001	551
0.85832138	552
0.858462805	553
0.8690916389999999	554
0.8744697049999999	555
0.9040331269999999	556
0.907334654	557
0.9073731780000001	558
0.907872918	559
0.924473764	560
0.9281297150000001	561
0.934403442	562
0.9353796919999999	563
0.9403274590000001	564
0.9811647749999999	565
0.981844293	566
0.991565104	567
0.998366739	568
0.999278052	569
1.004586867	570
1.005776259	571
1.013845527	572
1.020298825	573
1.0414872339999999	574
1.064608135	575
1.1054162760000001	576
1.119981336	577
1.141513932	578
1.1889849330000002	579
1.197313734	580
1.2298409780000001	581
1.2675645679999998	582
1.278271088	583
1.293562066	584
1.2938058490000002	585
1.331814312	586
1.340640974	587
1.350790218	588
1.358741028	589
1.3805841630000002	590
1.389835398	591
1.3916106160000001	592
1.405464407	593
1.428643924	594
1.4386938280000001	595
1.442906938	596
1.4493715779999998	597
1.4565392320000001	598
1.4603741410000002	599
1.4754676539999998	600
1.529215928	601
1.542283182	602
1.5597151649999998	603
1.568829249	604
1.6003006629999998	605
1.7820157150000002	606
1.80286915	607
1.8213940679999998	608
1.8450379600000002	609
1.902178097	610
1.9114818679999999	611
1.940731099	612
1.955137394	613
1.9930311809999999	614
2.129604391	615
2.2265663150000004	616
2.26797114	617
2.398023106	618
2.4735501429999998	619
2.536878906	620
2.543090793	621
2.545810963	622
2.548793011	623
2.6843542840000003	624
2.762681444	625
2.7872980280000004	626
2.8353581720000003	627
2.9648754740000003	628
2.9736440010000003	629
3.1163355609999996	630
3.193492923	631
3.4088432210000006	632
3.541149397	633
3.738224627	634
3.7721952720000003	635
3.9117026700000004	636
3.935902995	637
3.9919776980000004	638
4.069777417	639
4.187517684	640
4.413526013	641
4.508984683	642
4.666645562	643
4.682036908000001	644
4.78295419	645
4.813789625	646
5.020397910000001	647
5.072885929	648
5.096484878	649
5.451682487	650
5.488351251	651
6.429379182	652
6.739609876	653
6.9351977840000005	654
7.111451801	655
7.18315196	656
7.261012755	657
7.441085587	658
7.445273831	659
7.551536105	660
7.655202057	661
7.671865630999999	662
7.692558342	663
8.012523424	664
8.014674958999999	665
8.20880141	666
8.991243788	667
9.333831605999999	668
10.741557992999999	669
10.895661255999999	670
10.931809848999999	671
11.008971663999999	672
11.134333488	673
11.24564708	674
12.11435515	675
12.535029438999999	676
14.277711584999999	677
14.349395016	678
14.359842858999999	679
14.875604448999999	680
15.233069224	681
15.706198972	682
15.743415563	683
15.827553533	684
15.928341096	685
16.042413467	686
16.04336302	687
16.193210071	688
16.278148203	689
16.283883911	690
16.361134297	691
16.436256762	692
16.461848231	693
16.539417004	694
16.647315112	695
16.649029299	696
16.692336994	697
16.734570856	698
16.756461291	699
16.863569691	700
16.894987379	701
16.915490905	702
16.919168687	703
16.947970062	704
16.99016042	705
17.063238594	706
17.354639736	707
17.435078213	708
17.468174163	709
17.737265942	710
17.778294573	711
17.802220921	712
17.832523955	713
17.833849052	714
17.840738064	715
17.870587132	716
18.175259839	717
18.232182342	718
18.552198205	719
18.70148746	720
18.750133194	721
19.190030732	722
19.390929085	723
19.517344273	724
20.960242603	725
21.080875511	726
27.582680072	727
29.355002772	728
30.39490979	729
30.984382121	730
31.381908951999996	731
32.62961925	732
40.679994074	733
43.040542856	734
45.918906088	735
46.220612928	736
47.103933824	737
47.813574006	738
48.451019352	739
48.565585219	740
49.808189155	741
49.959979606	742
50.394828325	743
53.108720276	744
53.716609439	745
54.766562245	746
55.787736201	747
55.887454326	748
56.406780853	749
57.043100991	750
57.359407637	751
57.399934667	752
57.898171708	753
57.980882375	754
60.54006218	755
60.95375554	756
61.176702907	757
61.820999579	758
62.921480724	759
68.39575778	760
91.321012286	761
96.685952386	762
108.87305960799999	763
117.890529109	764
124.631174793	765
127.156842719	766
127.966346217	767
134.105703841	768
138.012232056	769
138.55266266799998	770
144.569793823	771
145.256406997	772
145.35876300200002	773
150.632354113	774
160.202243845	775
169.281719864	776
170.011630777	777
171.063344999	778
176.953312873	779
197.24267606900003	780
199.284961056	781
204.238855407	782
212.567816819	783
270.305234919	784
936.283727451	785
982.65388001	786
