0.1	1
0.1	2
0.1	3
0.1	4
0.1	5
0.1	6
0.1	7
0.1	8
0.1	9
0.1	10
0.1	11
0.1	12
0.1	13
0.1	14
0.1	15
0.1	16
0.1	17
0.1	18
0.1	19
0.1	20
0.1	21
0.1	22
0.1	23
0.1	24
0.1	25
0.1	26
0.1	27
0.1	28
0.1	29
0.1	30
0.1	31
0.1	32
0.1	33
0.1	34
0.1	35
0.1	36
0.1	37
0.1	38
0.1	39
0.1	40
0.1	41
0.1	42
0.1	43
0.1	44
0.1	45
0.1	46
0.1	47
0.1	48
0.1	49
0.1	50
0.1	51
0.1	52
0.1	53
0.1	54
0.1	55
0.1	56
0.1	57
0.1	58
0.1	59
0.1	60
0.1	61
0.1	62
0.1	63
0.1	64
0.1	65
0.1	66
0.1	67
0.1	68
0.1	69
0.1	70
0.1	71
0.1	72
0.1	73
0.1	74
0.11206226599999969	75
0.1158513619999999	76
0.11878226500000011	77
0.12443331700000027	78
0.126316353	79
0.12665198799999988	80
0.12824335100000006	81
0.12943978399999967	82
0.1304385090000002	83
0.1310378700000001	84
0.13266876399999994	85
0.13544213800000016	86
0.1361784420000003	87
0.13674635599999974	88
0.13875564299999965	89
0.1389585680000005	90
0.1401154069999997	91
0.141751599	92
0.14308255300000017	93
0.14417820899999967	94
0.14525283700000013	95
0.14559755400000007	96
0.14591358300000046	97
0.14636099899999966	98
0.1469555920000003	99
0.14812646200000046	100
0.14933294800000052	101
0.14933588700000033	102
0.1498224180000003	103
0.14993802100000053	104
0.15153263200000033	105
0.1516105139999997	106
0.15182849099999984	107
0.1520268979999999	108
0.1522709400000002	109
0.15234177800000026	110
0.15243015600000032	111
0.15250197499999985	112
0.152699943	113
0.15425646100000012	114
0.1544919440000001	115
0.1564096209999999	116
0.15700183700000014	117
0.15723629900000002	118
0.15763487800000053	119
0.15777262800000003	120
0.15786280100000027	121
0.15820600600000034	122
0.15839117800000047	123
0.15848142300000045	124
0.16099689400000017	125
0.16145809400000033	126
0.16192771399999994	127
0.16370064000000006	128
0.1638943140000002	129
0.16615694900000033	130
0.16628103399999983	131
0.16645263599999982	132
0.16707870100000033	133
0.1671490499999999	134
0.1671978110000003	135
0.16922371300000005	136
0.16978956300000014	137
0.17032186800000026	138
0.17056958700000013	139
0.17128891200000051	140
0.1714291189999999	141
0.17342420599999997	142
0.17349777899999985	143
0.17364463699999977	144
0.17485280300000028	145
0.17648015500000014	146
0.17911574499999983	147
0.180703351	148
0.18242680999999994	149
0.18714437499999992	150
0.18912420300000043	151
0.19249585800000002	152
0.2002541280000001	153
0.20272428100000006	154
0.27351683799999993	155
0.2744051110000001	156
0.27722373499999975	157
0.27893109299999974	158
0.2798062630000002	159
0.2798756659999997	160
0.2811201710000004	161
0.28221846699999986	162
0.2837846429999997	163
0.2846566629999998	164
0.2850025140000003	165
0.2850995479999998	166
0.2856924809999999	167
0.2867905980000005	168
0.2870460750000001	169
0.28732844800000024	170
0.2881628919999999	171
0.2886986130000002	172
0.28905177299999973	173
0.2898271130000003	174
0.2908489679999997	175
0.2910987570000003	176
0.29162505199999966	177
0.291915575	178
0.29243133599999993	179
0.29390033900000034	180
0.2940826550000004	181
0.2943929660000002	182
0.29496745099999977	183
0.2952140510000003	184
0.2958076199999997	185
0.2963340170000004	186
0.29662994200000004	187
0.29668373300000006	188
0.29719521999999987	189
0.2975291809999998	190
0.2981345019999999	191
0.29840891400000036	192
0.29877179899999984	193
0.2992438049999997	194
0.2996646710000004	195
0.30049040000000016	196
0.30073841300000037	197
0.3009207610000004	198
0.3016288920000001	199
0.3018195910000001	200
0.30264695500000016	201
0.3042768090000001	202
0.3044248810000001	203
0.3045161529999998	204
0.30517864800000005	205
0.3052919059999999	206
0.305835568	207
0.3058911479999997	208
0.306373722	209
0.3066280729999997	210
0.30673738199999967	211
0.30713622299999965	212
0.3072180849999997	213
0.30733944400000013	214
0.30739523999999996	215
0.3074927360000004	216
0.3079923650000005	217
0.30827312600000045	218
0.3089531240000003	219
0.3093453970000004	220
0.30935437599999993	221
0.30951833900000025	222
0.30971623000000026	223
0.3097221360000004	224
0.3101034560000002	225
0.3101738120000004	226
0.3102562190000002	227
0.3102853770000005	228
0.31033555099999965	229
0.3106738079999998	230
0.31114962400000046	231
0.31148505400000026	232
0.31184713200000047	233
0.31213792500000004	234
0.312435024	235
0.31252221400000035	236
0.31259400500000023	237
0.3126576590000001	238
0.3131246350000003	239
0.31341060899999995	240
0.31342352600000023	241
0.3135652550000003	242
0.3140483879999998	243
0.31452694800000014	244
0.31472508600000015	245
0.3149433989999997	246
0.3149473810000005	247
0.31507590799999985	248
0.31516464300000013	249
0.31565724699999986	250
0.315735836	251
0.3157590690000003	252
0.31594019200000023	253
0.3164130949999997	254
0.3169026009999998	255
0.316966259	256
0.3173293150000003	257
0.3176445670000003	258
0.31779164200000043	259
0.3178860720000003	260
0.31875420899999973	261
0.319271069	262
0.319426687	263
0.31978311200000054	264
0.3211984939999999	265
0.32130839499999997	266
0.3213318369999998	267
0.3213886810000002	268
0.32152547200000026	269
0.32186793300000005	270
0.3223720530000005	271
0.32243552	272
0.32251326300000027	273
0.32279205000000033	274
0.32289799399999985	275
0.3229179259999997	276
0.32304867800000014	277
0.3232089949999999	278
0.3234627950000002	279
0.3237948639999999	280
0.32388688899999973	281
0.32391908099999966	282
0.3241841179999998	283
0.3242198089999997	284
0.32427441499999965	285
0.3252183550000005	286
0.3252201450000003	287
0.32523281000000015	288
0.3255873979999997	289
0.3260998920000002	290
0.3264148460000005	291
0.3265850610000003	292
0.3270913310000001	293
0.3271995519999997	294
0.32751806000000006	295
0.3278950390000004	296
0.32789668800000005	297
0.328076222	298
0.3283749370000004	299
0.3287760359999998	300
0.3288731690000004	301
0.32927415500000023	302
0.32928065200000045	303
0.3292958170000002	304
0.3296538230000001	305
0.32973027700000035	306
0.3297418849999998	307
0.3303543790000001	308
0.33081911900000005	309
0.33182412699999997	310
0.33261631900000044	311
0.3327557219999999	312
0.3328003060000002	313
0.3334275929999997	314
0.3340372629999999	315
0.33410569700000003	316
0.3344109160000004	317
0.3345384950000003	318
0.3353343999999998	319
0.3360723659999998	320
0.3365199610000005	321
0.3365710360000005	322
0.3366557349999999	323
0.33675877399999976	324
0.3368900669999997	325
0.337558649	326
0.33770303499999965	327
0.3377425450000002	328
0.3389352050000003	329
0.33895673299999984	330
0.339395197	331
0.3395621570000005	332
0.33957555000000017	333
0.34020772600000004	334
0.3403168800000005	335
0.3403380340000002	336
0.34095986300000014	337
0.3420526319999997	338
0.34266911300000036	339
0.34276562800000043	340
0.3431783959999999	341
0.34360032900000004	342
0.34435436600000013	343
0.3444908480000004	344
0.34474954199999974	345
0.3448635520000005	346
0.3448684489999998	347
0.3452143999999997	348
0.34560653499999994	349
0.3466644219999999	350
0.34670018400000036	351
0.3489441390000003	352
0.3493056880000003	353
0.34958789600000006	354
0.35062857299999983	355
0.35155383800000006	356
0.35175997400000014	357
0.35290451300000036	358
0.35390831600000006	359
0.35405376399999966	360
0.35697570000000045	361
0.3581153859999997	362
0.36021419600000026	363
0.3633635540000002	364
0.3649361220000005	365
0.36698063299999983	366
0.37456568400000023	367
0.37552858899999997	368
0.3758873249999999	369
0.3783509880000002	370
0.3827889689999999	371
0.38492706099999996	372
0.386450827	373
0.4021588720000002	374
0.4087646410000003	375
0.4344043089999996	376
0.44353283099999974	377
0.44566128299999974	378
0.4514975269999999	379
0.4604415209999999	380
0.46477026899999974	381
0.48105405999999995	382
0.4836654280000001	383
0.4887540450000003	384
0.4894001990000003	385
0.4933544999999997	386
0.49906248899999994	387
0.5027145180000003	388
0.5038890450000002	389
0.5065745169999998	390
0.5076683419999997	391
0.5103942029999997	392
0.5115561260000003	393
0.5163012570000003	394
0.5206919770000003	395
0.5228543850000005	396
0.5236706729999998	397
0.5240482379999998	398
0.5246016720000002	399
0.5257123930000001	400
0.5274764540000003	401
0.5284084990000002	402
0.5313349570000003	403
0.5314824329999999	404
0.5323787180000004	405
0.5334030720000005	406
0.5376352010000005	407
0.5379140800000002	408
0.5408554800000003	409
0.5499589350000003	410
0.5538170220000005	411
0.5598945029999998	412
0.561981265	413
0.5625939369999999	414
0.57206023	415
0.5760527140000002	416
0.5794313569999998	417
0.5834876150000001	418
0.5839293349999997	419
0.5925190020000004	420
0.596390135	421
0.5970544560000004	422
0.5974918919999999	423
0.5989197009999998	424
0.6049629599999999	425
0.6059431630000001	426
0.6065095070000002	427
0.6138114839999993	428
0.6192470370000001	429
0.6219466389999999	430
0.6237300709999998	431
0.6245305029999999	432
0.6253275059999996	433
0.6261116250000001	434
0.6284306800000001	435
0.6306777869999998	436
0.6328159739999997	437
0.6330582080000005	438
0.6330679310000003	439
0.6331075029999997	440
0.6342703460000001	441
0.634289324	442
0.6361522009999998	443
0.6401812050000002	444
0.6417889069999996	445
0.6439516760000004	446
0.6445131699999997	447
0.6467111680000004	448
0.6493788680000003	449
0.6526241740000005	450
0.654370685	451
0.6547490519999997	452
0.6548145969999997	453
0.65519588	454
0.6554836980000003	455
0.6576956139999997	456
0.6580181060000001	457
0.6606828790000003	458
0.6610898890000003	459
0.6638492810000001	460
0.6693816359999998	461
0.6705680530000002	462
0.6725769599999998	463
0.6777420990000005	464
0.680850575	465
0.6810784200000004	466
0.6815034080000002	467
0.6845246700000001	468
0.687967929	469
0.690303782	470
0.6948017699999998	471
0.7043321130000004	472
0.7112609499999998	473
0.7136117239999997	474
0.7393822170000002	475
0.7687001360000005	476
0.7783352450000001	477
0.780618788	478
0.8539858369999997	479
0.9172561699999999	480
0.9191675180000001	481
0.9205372540000001	482
0.9288052389999999	483
0.9336105130000005	484
0.9417447079999999	485
0.9430450060000002	486
0.9641748620000001	487
0.9699489300000002	488
0.978618312	489
0.9790946969999998	490
0.9820820769999994	491
0.9825084429999995	492
0.9838861379999999	493
0.9842466410000004	494
0.9871150369999997	495
0.9875436849999994	496
0.9877753809999996	497
0.9880294190000001	498
0.9902093689999996	499
0.9948995699999994	500
0.9952924699999999	501
0.9970292249999995	502
1.003306952	503
1.005235065	504
1.0060598790000004	505
1.0070660379999996	506
1.00734661	507
1.0084398739999996	508
1.008497415	509
1.009479035	510
1.0105528109999993	511
1.0105983699999994	512
1.0108541399999993	513
1.0116333439999998	514
1.0122067929999998	515
1.0122639529999997	516
1.0136364029999996	517
1.0138480839999993	518
1.0148607589999994	519
1.0148924189999997	520
1.01572774	521
1.0159692419999997	522
1.0182389499999998	523
1.018956502	524
1.0193967429999997	525
1.0195347189999993	526
1.0206905079999995	527
1.0221121319999993	528
1.022442185	529
1.023897656	530
1.0239385519999997	531
1.0240612259999997	532
1.0242041139999998	533
1.0242407299999998	534
1.025194569	535
1.025906966	536
1.028488727	537
1.0287563119999996	538
1.0306092799999993	539
1.030698515	540
1.0312996609999994	541
1.0313364619999996	542
1.0332331239999997	543
1.0376480739999998	544
1.0396068629999995	545
1.0501342199999995	546
1.05172008	547
1.065903992	548
1.0703374169999993	549
1.0888414109999998	550
1.110732016	551
1.1120269359999995	552
1.1151673029999998	553
1.1201565990000004	554
1.121056963	555
1.1243060949999997	556
1.1263490159999998	557
1.1280720410000002	558
1.129890444	559
1.131453296	560
1.1323189349999998	561
1.1326831740000003	562
1.1354603360000004	563
1.135835052	564
1.1382369360000002	565
1.1403291189999996	566
1.1469773649999997	567
1.1499299330000001	568
1.151737346	569
1.1557298750000005	570
1.1576663299999996	571
1.1618238179999993	572
1.163157505	573
1.1689393459999993	574
1.1698292089999995	575
1.170407859	576
1.1729395259999995	577
1.1823421920000001	578
1.1886067740000001	579
1.2166864889999998	580
1.2792126919999998	581
1.2799779249999998	582
1.2836786040000003	583
1.348658102	584
1.428637171	585
1.4357447629999989	586
1.4367080629999993	587
1.4439102189999993	588
1.4451526149999996	589
1.446920798999999	590
1.4492543300000005	591
1.452642664999999	592
1.453162378	593
1.4558599489999988	594
1.458920707999999	595
1.459276706999999	596
1.4613374080000003	597
1.4627994579999992	598
1.4662636609999993	599
1.4673922180000005	600
1.467477408999999	601
1.4676567509999998	602
1.4691282559999994	603
1.4697140599999994	604
1.470141331999999	605
1.4714935100000002	606
1.4753235680000003	607
1.4756949969999997	608
1.4777669049999993	609
1.4784303889999997	610
1.4787406010000002	611
1.4840257119999993	612
1.485730621	613
1.4859142639999998	614
1.4871070569999993	615
1.4903442949999999	616
1.4917475259999993	617
1.4946656489999999	618
1.4969108129999995	619
1.497397166999999	620
1.4983644359999992	621
1.4986625680000003	622
1.5008465579999992	623
1.5026325969999998	624
1.503469362999999	625
1.5055804740000003	626
1.5057123709999995	627
1.5065268549999988	628
1.5067192249999994	629
1.5088585000000005	630
1.5112643489999993	631
1.5122257690000005	632
1.5130221309999996	633
1.5133439170000003	634
1.5171559749999997	635
1.5197939859999998	636
1.5209567699999997	637
1.5275358669999992	638
1.5312980070000002	639
1.540058114999999	640
1.5430723630000003	641
1.544576974	642
1.5459445389999988	643
1.5518687629999999	644
1.5663898970000005	645
1.569304901999999	646
1.5778882369999998	647
1.5895320949999991	648
1.591307154999999	649
1.5945900369999997	650
1.5997235300000003	651
1.6085092220000003	652
1.6088504179999994	653
1.6091375059999997	654
1.6139028359999994	655
1.6162543760000005	656
1.6286459749999995	657
1.63180966	658
1.6409167409999998	659
1.6518649300000003	660
1.6563748409999999	661
1.677266587	662
1.6852209370000004	663
1.700007831999999	664
1.7104390160000005	665
1.7158025059999993	666
1.7228317979999996	667
1.775944924000001	668
1.828720958	669
1.846956637	670
1.8965121309999997	671
1.9090254770000001	672
1.9167194309999989	673
1.922986655999999	674
1.935404158999999	675
1.941535589999999	676
1.945929764999999	677
1.948436363999999	678
1.9486390490000005	679
1.950754245999999	680
1.9532346379999996	681
1.9583029829999994	682
1.961344917	683
1.9629728889999996	684
1.9640568720000005	685
1.964482927999999	686
1.9765992160000003	687
2.056535522000001	688
2.056952260000001	689
2.089822905	690
2.091359443	691
2.092886277	692
2.0995491840000007	693
2.1076107719999992	694
2.163480815	695
2.176592744999999	696
2.180674046	697
2.186371940999999	698
2.190873524999999	699
2.1975975630000004	700
2.1978742459999996	701
2.1987559240000003	702
2.207052793999999	703
2.2076588679999993	704
2.2205301619999993	705
2.225577286	706
2.22889988	707
2.2340102680000005	708
2.237873324999999	709
2.241033441999999	710
2.243939071	711
2.2469723869999996	712
2.2484540749999997	713
2.248714541	714
2.2538074659999996	715
2.2596013260000003	716
2.2608750010000005	717
2.27510472	718
2.275604995	719
2.2760872459999995	720
2.2795278870000004	721
2.287763353999999	722
2.292301986	723
2.294452152	724
2.296610854999999	725
2.2996035040000002	726
2.304900729	727
2.3112877669999996	728
2.3119720630000007	729
2.3215418359999997	730
2.3304913250000006	731
2.3596561420000004	732
2.364741219999999	733
2.3784293000000005	734
2.3894286079999993	735
2.398079824	736
2.4147569549999996	737
2.41810293	738
2.420167445999999	739
2.422580463000001	740
2.427895767999999	741
2.4325007969999994	742
2.4380417669999996	743
2.459425768999999	744
2.488748804	745
2.516674749	746
2.5366145069999995	747
2.5378626969999996	748
2.540641278999999	749
2.554111892	750
2.5543360889999995	751
2.5910503160000005	752
2.591515082000001	753
2.595129238	754
2.5956766790000003	755
2.605705195999999	756
2.6176483919999995	757
2.6196469560000004	758
2.628415917	759
2.629231679	760
2.640600524	761
2.642449653	762
2.6426759749999995	763
2.6444051450000003	764
2.6490547010000007	765
2.655425847	766
2.660319533999999	767
2.661476509	768
2.664569275	769
2.678042994	770
2.678767873	771
2.681510726000001	772
2.6916911910000003	773
2.692015412	774
2.6961994550000004	775
2.7449079550000004	776
2.768584239000001	777
2.8817531219999992	778
2.9053837419999997	779
2.928161332	780
2.9457971389999997	781
2.9709437120000004	782
2.980276419000001	783
2.9874211170000002	784
2.9918863709999997	785
2.9946198630000005	786
3.012636391000001	787
3.0268145339999997	788
3.0314972670000007	789
3.03332844	790
3.0476414500000004	791
3.0600910960000007	792
3.0696664459999994	793
3.075609857	794
3.1097245890000007	795
3.119059286999999	796
3.133190882000001	797
3.144769070999999	798
3.1800923720000007	799
3.18036298	800
3.1859162199999993	801
3.191827011999999	802
3.1920101499999998	803
3.2133004740000004	804
3.232001351000001	805
3.280281147	806
3.2934741469999995	807
3.3124161290000007	808
3.3269053619999998	809
3.359591603	810
3.3734549069999993	811
3.394865845	812
3.3965841040000004	813
3.3971996069999992	814
3.3973009120000004	815
3.39823118	816
3.399483568000001	817
3.4000795010000004	818
3.4023560899999996	819
3.4034243039999996	820
3.4042339029999997	821
3.4067374679999993	822
3.4082139920000003	823
3.4088246150000003	824
3.409286474	825
3.410116639	826
3.4136851000000004	827
3.4153909999999996	828
3.4161094050000003	829
3.4165785999999994	830
3.4186545410000004	831
3.422842611	832
3.42297849	833
3.4245013130000004	834
3.42608102	835
3.4262946979999995	836
3.4295907539999995	837
3.4312461649999992	838
3.4381851	839
3.4401748130000005	840
3.4442124649999997	841
3.4505976129999993	842
3.4596443679999993	843
3.461827115	844
3.469926806	845
3.4899475550000005	846
3.56420052	847
3.5743068880000006	848
3.615580883	849
3.625907409	850
3.641825015	851
3.6609867709999993	852
3.6648837430000007	853
3.6668848040000004	854
3.685920416	855
3.7274489410000005	856
3.7821697469999993	857
3.7905608930000003	858
3.880723786000001	859
3.9575569690000005	860
3.9645197539999995	861
3.968878556	862
4.007980163000001	863
4.012190594	864
4.029153790999999	865
4.039420626	866
4.04109837	867
4.069794542	868
4.137239525	869
4.1843493160000005	870
4.259728442	871
4.277127447	872
4.331001993999999	873
4.332025387	874
4.347467676000001	875
4.451468959	876
4.5185222320000005	877
4.555870232	878
4.568494230000001	879
4.5810532340000005	880
4.593945686	881
4.606634027	882
4.643591963	883
4.658048079	884
4.695798633000001	885
4.726945274	886
4.7442921909999995	887
4.818734298000001	888
4.836821979	889
4.85703101	890
4.8781232039999995	891
4.882366556999999	892
4.8864535710000006	893
5.006680349	894
5.168217758000001	895
5.21200211	896
5.219556965000001	897
5.228635788	898
5.241108534	899
5.256024008999999	900
5.282852523999999	901
5.283895136	902
5.3318306920000005	903
5.342873051	904
5.346127342000001	905
5.5143407159999995	906
5.520459906999999	907
5.540437009	908
5.545040050000001	909
5.554662853	910
5.598160848000001	911
5.627953127	912
5.643113954	913
5.6798942320000005	914
5.681162899	915
5.695190619	916
5.722739315	917
5.727801999	918
5.855768879999999	919
5.953512986	920
6.02118258	921
6.050154564	922
6.057500193999999	923
6.074649254999999	924
6.0794010919999995	925
6.120490117999999	926
6.1613155630000005	927
6.177350789	928
6.184681723000001	929
6.185547112	930
6.217032056000001	931
6.2968907739999995	932
6.319007384000001	933
6.3441834450000005	934
6.426997310000001	935
6.487503975999999	936
6.569235107000001	937
6.608061252000001	938
6.6347358839999995	939
6.849145219	940
6.852575194	941
6.908980377999999	942
6.923380605	943
6.935006997	944
6.9392872489999995	945
6.940475237999999	946
6.953595632999999	947
6.986881608999999	948
7.011614508999999	949
7.028680605	950
7.0420359690000005	951
7.20389211	952
7.323568064	953
7.4195308529999995	954
7.5299360360000005	955
7.5347830469999995	956
7.552270703	957
7.592184308	958
7.603421721	959
7.664606911	960
7.672709365999999	961
7.683377187	962
7.687191554	963
7.730386507	964
7.751972686	965
7.755940326999999	966
7.758845964000001	967
7.7661027780000005	968
7.776182802999999	969
7.7933969659999995	970
7.812515305	971
7.826516844	972
7.830781452	973
7.842153493	974
7.872944389000001	975
7.882587576000001	976
7.907885761999999	977
8.153800759	978
8.210774257	979
8.228081376	980
8.243949081	981
8.247796946	982
8.254253948	983
8.270096097	984
8.292980968	985
8.362210159	986
8.418285584	987
8.525768028	988
8.534958989	989
8.586746636	990
8.641064590000001	991
8.681413965	992
8.729779594	993
8.730789485	994
8.730981496	995
8.77600744	996
8.862650344	997
8.876162136	998
8.956435560000001	999
8.985864057	1000
9.017120624	1001
9.022982163	1002
9.083950683	1003
9.144293941	1004
9.171013526	1005
9.23637896	1006
9.304320858	1007
9.322230016	1008
9.41786483	1009
9.419248078	1010
9.466288917000002	1011
9.554809029	1012
9.567766050000001	1013
9.610033822	1014
9.719238967	1015
9.723541110000001	1016
9.786746648	1017
9.805628681	1018
9.819815396000001	1019
9.884037535	1020
9.936467042999999	1021
9.964788817	1022
9.976530349999999	1023
10.019692533999999	1024
10.032270113000001	1025
10.142117222000001	1026
10.148878016	1027
10.229193237999999	1028
10.258553583000001	1029
10.334736965	1030
10.374700233	1031
10.439509242000002	1032
10.552407817999999	1033
10.568640789000002	1034
10.609100386	1035
10.68545299	1036
10.729869018	1037
10.856360301	1038
11.131717885999999	1039
11.135037973000001	1040
11.213401229	1041
11.244853947	1042
11.26033139	1043
11.293807932	1044
11.552698097999999	1045
11.562293405999998	1046
11.57307156	1047
11.633869400999998	1048
11.664401639	1049
11.676617921	1050
11.681126700999998	1051
11.759854823	1052
11.826546965	1053
11.929555546000001	1054
11.974875768	1055
12.036026163	1056
12.132402658999998	1057
12.211472662	1058
12.327762239	1059
12.469124303	1060
12.483212949	1061
12.600267105	1062
12.710244658999999	1063
12.713461649000001	1064
12.845517097	1065
12.869261516	1066
12.869618345000001	1067
12.892482387	1068
12.92252723	1069
12.933956101000001	1070
12.954239678999999	1071
12.956685884	1072
13.057646128	1073
13.086115830999999	1074
13.095696768000002	1075
13.166094503999998	1076
13.203971715	1077
13.527559018	1078
13.659284931	1079
13.829817474	1080
13.851345412999999	1081
13.901137458	1082
14.179402327	1083
14.207189209000001	1084
14.339323968	1085
14.353278639000001	1086
14.442685589000002	1087
14.727515182	1088
15.180353699	1089
15.341932142	1090
15.346628665999999	1091
15.5075014	1092
15.618014888000001	1093
15.692352438	1094
15.907018833999999	1095
16.115043950999997	1096
16.176930825	1097
16.190272759000003	1098
16.624048039999998	1099
16.922484435	1100
17.145788081	1101
17.303189189	1102
17.361416944	1103
17.452240896	1104
17.84359198	1105
18.548618380999997	1106
18.671697338999998	1107
18.756245831	1108
18.902070844	1109
19.057092865999998	1110
19.333908460000004	1111
19.367808449	1112
19.445601246000003	1113
19.490468946	1114
19.538282465	1115
19.575588437999997	1116
19.575863673	1117
19.595250307999997	1118
19.655675834999997	1119
19.672860293	1120
19.680228543	1121
19.919777914999997	1122
19.955883874999998	1123
19.964678102999997	1124
20.162671615999997	1125
20.457722582000002	1126
20.720566413999997	1127
20.946560491	1128
21.274874545000003	1129
21.472959347	1130
21.509955716999997	1131
22.096751288	1132
22.154540789000002	1133
22.234712928999997	1134
22.239291967	1135
22.739853564	1136
22.946774741	1137
23.009173042	1138
23.943765073	1139
24.164742128999997	1140
24.610067849000004	1141
24.715979833	1142
24.893206145	1143
24.934703518	1144
25.141199066	1145
25.5266188	1146
25.640480168000003	1147
25.859574469000002	1148
25.882930371	1149
26.070281879	1150
26.092661528	1151
26.097865587	1152
26.106973005	1153
26.13652554	1154
26.150701256000005	1155
26.16595944	1156
26.173156865000003	1157
26.215026805	1158
26.215450463000003	1159
26.217993275000005	1160
26.258168083	1161
26.368422804000005	1162
26.783873689000004	1163
26.813509504000002	1164
26.853025996	1165
26.861910801	1166
26.900720705000005	1167
27.204838446000004	1168
27.22487823	1169
27.545377389000002	1170
27.804358376000003	1171
28.072404774	1172
28.119121338	1173
28.416171038	1174
28.732462480000002	1175
29.074297427000005	1176
30.05522519	1177
31.235213945000005	1178
31.243193758000004	1179
31.35686261	1180
31.754796292	1181
31.978339804	1182
33.969641931000005	1183
34.393230494	1184
34.769383104	1185
35.157044648	1186
35.437101762000005	1187
37.449054157	1188
37.990771276000004	1189
38.815982132	1190
38.949195352000004	1191
39.032348229	1192
39.335897277	1193
40.174708622000004	1194
43.391877906000005	1195
43.71142888	1196
45.144125204000005	1197
46.304850738	1198
46.888880585	1199
47.086115001	1200
47.298832014	1201
48.214972837000005	1202
48.491689423000004	1203
50.522458896	1204
51.218278324	1205
52.393950443	1206
53.422672356	1207
54.20181049	1208
54.529252407	1209
54.84221968	1210
54.852524801	1211
55.014022235	1212
56.434684373	1213
57.822545596	1214
59.5468909	1215
59.719709691000006	1216
61.101634714	1217
61.283091574	1218
63.835843302	1219
65.934668175	1220
68.107023254	1221
70.01899847600001	1222
70.366384974	1223
72.060087842	1224
72.102298567	1225
76.00425585400001	1226
80.538287485	1227
81.481232299	1228
85.686511438	1229
89.68271653800001	1230
91.997359523	1231
98.69004307	1232
103.70606431	1233
105.308352134	1234
108.845668501	1235
111.577900384	1236
117.168335779	1237
117.518619476	1238
122.190663158	1239
125.010836119	1240
127.08473745	1241
127.355286936	1242
127.496936538	1243
136.483699722	1244
138.016297446	1245
142.14512223	1246
149.880732475	1247
151.981457526	1248
152.924440004	1249
158.240451981	1250
159.21165708	1251
163.73290244	1252
169.383922852	1253
173.255930108	1254
175.053665618	1255
181.46799667300002	1256
188.871775461	1257
198.101144079	1258
207.177658267	1259
256.809381361	1260
553.167863447	1261
566.0715008799999	1262
857.33447153	1263
1003.2644622409999	1264
