1.0	1
1.0	2
1.0	3
1.0	4
1.0	5
1.0	6
1.0	7
1.0	8
1.0	9
1.0	10
1.0	11
1.0	12
1.0	13
1.0	14
1.0	15
1.0	16
1.0	17
1.0	18
1.0	19
1.0	20
1.0	21
1.0	22
1.0	23
1.0	24
1.0	25
1.0	26
1.0	27
1.0	28
1.0	29
1.0	30
1.0	31
1.0	32
1.0	33
1.0	34
1.0	35
1.0	36
1.0	37
1.0	38
1.0	39
1.0	40
1.0	41
1.0	42
1.0	43
1.0	44
1.0	45
1.0	46
1.0	47
1.0	48
1.0	49
1.0	50
1.0	51
1.0	52
1.0	53
1.0	54
1.0	55
1.0	56
1.0	57
1.0	58
1.0	59
1.0	60
1.0	61
1.0	62
1.0	63
1.0	64
1.0	65
1.0	66
1.0	67
1.0	68
1.0	69
1.0	70
1.0	71
1.0	72
1.0	73
1.0	74
1.0	75
1.0	76
1.0	77
1.0	78
1.0	79
1.0	80
1.0	81
1.0	82
1.0	83
1.0	84
1.0	85
1.0	86
1.0	87
1.0	88
1.0	89
1.0	90
1.0	91
1.0	92
1.0	93
1.0	94
1.0	95
1.0	96
1.0	97
1.0	98
1.0	99
1.0	100
1.0	101
1.0	102
1.0	103
1.0	104
1.0	105
1.0	106
1.0	107
1.0	108
1.0	109
1.0	110
1.0	111
1.0	112
1.0	113
1.0	114
1.0	115
1.0	116
1.0	117
1.0	118
1.0	119
1.0	120
1.0	121
1.0	122
1.0	123
1.0	124
1.0	125
1.0	126
1.0	127
1.0	128
1.0	129
1.0	130
1.0	131
1.0	132
1.0	133
1.0	134
1.0	135
1.0	136
1.0	137
1.0	138
1.0	139
1.0	140
1.0	141
1.0	142
1.0	143
1.0	144
1.0	145
1.0	146
1.0	147
1.0	148
1.0	149
1.0	150
1.0	151
1.0	152
1.0	153
1.0	154
1.0	155
1.0	156
1.0	157
1.0	158
1.0	159
1.0	160
1.0	161
1.0	162
1.0	163
1.0	164
1.0	165
1.0	166
1.0	167
1.0	168
1.0	169
1.0	170
1.0	171
1.0	172
1.0	173
1.0	174
1.0	175
1.0	176
1.0	177
1.0	178
1.0	179
1.0	180
1.0	181
1.0	182
1.0	183
1.0	184
1.0	185
1.0	186
1.0	187
1.0	188
1.0	189
1.0	190
1.0	191
1.0	192
1.0	193
1.0	194
1.0	195
1.0	196
1.0	197
1.0	198
1.0	199
1.0	200
1.0	201
1.0	202
1.0	203
1.0	204
1.0	205
1.0	206
1.0	207
1.0	208
1.0	209
1.0	210
1.0	211
1.0	212
1.0	213
1.0	214
1.0	215
1.0	216
1.0	217
1.0	218
1.0	219
1.0	220
1.0	221
1.0	222
1.0	223
1.0	224
1.0	225
1.0	226
1.0	227
1.0	228
1.0	229
1.0	230
1.0	231
1.0	232
1.0	233
1.0	234
1.0	235
1.0	236
1.0	237
1.0	238
1.0	239
1.0	240
1.0	241
1.0	242
1.0	243
1.0	244
1.0	245
1.0	246
1.0	247
1.0	248
1.0	249
1.0	250
1.0	251
1.0	252
1.0	253
1.0	254
1.0	255
1.0	256
1.0	257
1.0	258
1.0	259
1.0	260
1.0	261
1.0	262
1.0	263
1.0	264
1.0	265
1.0	266
1.0	267
1.0	268
1.0	269
1.0	270
1.0	271
1.0	272
1.0	273
1.0	274
1.0	275
1.0	276
1.0	277
1.0	278
1.0	279
1.0	280
1.0	281
1.0	282
1.0	283
1.0	284
1.0	285
1.0	286
1.0	287
1.0	288
1.0	289
1.0	290
1.0	291
1.0	292
1.0	293
1.0	294
1.0	295
1.0	296
1.0	297
1.0	298
1.0	299
1.0	300
1.0	301
1.0	302
1.0	303
1.0	304
1.0	305
1.0	306
1.0062107909999998	307
1.044842705	308
1.162247385	309
1.2810736649999999	310
1.288424711	311
1.485984525	312
1.5322989409999999	313
1.627866019	314
1.6462022609999998	315
1.703845965	316
1.7200220989999997	317
1.729248495	318
1.7837186	319
1.8046055249999997	320
1.8852614409999997	321
1.929336977	322
1.996859732	323
2.000084318	324
2.005526647	325
2.1832069929999998	326
2.3184129010000003	327
2.4623739970000003	328
2.587781263	329
2.6974513039999994	330
2.7190496819999996	331
2.792896602	332
2.8148832429999997	333
2.8229682379999996	334
2.823473719	335
2.8308670309999995	336
2.8362683009999996	337
2.8411240929999995	338
2.8431136619999995	339
2.850235906	340
2.8534693439999996	341
2.8546744559999997	342
2.856794583	343
2.8606686939999992	344
2.8845798669999994	345
2.894346776	346
2.8951884969999995	347
2.8984900829999996	348
3.4201884469999992	349
3.5071533809999993	350
3.5425774489999995	351
3.5555637289999993	352
3.665912122	353
3.7453086009999996	354
4.037558971999999	355
4.042318626999999	356
4.066821967	357
4.332005896	358
4.335720707	359
4.3429853959999996	360
4.370274912999999	361
4.400912431	362
4.466020459999999	363
4.585438922	364
4.58547108	365
4.932903774	366
5.079846999	367
5.152291095	368
5.155784937	369
5.156833883	370
5.160330331	371
5.176313017	372
5.181331848999999	373
5.184502000999999	374
5.215568664	375
5.229130268	376
5.312186208	377
5.31579018	378
5.321035343999999	379
5.386988515	380
5.392377818	381
5.456208779	382
5.522984811	383
5.53746928	384
5.565928209	385
5.962775688	386
5.963949574	387
6.007990726	388
6.063639298	389
6.713858813	390
6.971013632	391
7.220800993999999	392
8.287525881	393
8.528038578	394
8.584147468	395
8.691857742	396
8.807569331	397
8.998044814	398
9.638737791999999	399
9.730961236999999	400
9.75585364	401
9.827018602999999	402
10.831376468	403
11.81619789	404
11.819734618	405
11.84768262	406
11.934317298	407
12.877030864	408
13.584665981	409
13.608779326	410
13.618417829	411
13.639650968	412
13.744032951	413
13.749318048	414
13.869438730999999	415
13.896026512999999	416
14.002206679	417
14.177398081	418
14.287667936	419
14.470695667	420
17.257982963	421
19.162460267	422
20.477930641	423
20.872753673000002	424
20.917100153	425
21.023873404	426
21.025343636000002	427
23.325315481	428
23.410421881	429
23.570082900000003	430
23.581607419	431
23.589120648	432
23.607446514000003	433
23.610502376000003	434
23.656761841	435
23.743059172000002	436
23.747934671000003	437
23.764673747	438
23.765256370000003	439
23.766395866	440
23.777855141	441
23.785364673	442
23.833406288000003	443
28.902303663	444
29.539640884	445
35.175174107	446
35.35682705	447
35.389179053999996	448
35.450599397	449
35.602927715	450
35.625217778	451
35.810039237	452
36.29195203	453
39.91306282	454
44.392384074	455
51.143525745	456
52.103343984999995	457
53.547557927	458
56.16933521	459
56.868713852999996	460
61.067816963	461
64.06958959800001	462
76.765151582	463
79.197010921	464
84.973344022	465
96.162154708	466
114.98667858200001	467
120.746329399	468
123.992579238	469
124.565599875	470
126.551470882	471
169.484559543	472
186.51507735599998	473
230.85271638	474
233.94530068499998	475
254.995708322	476
264.76672535200004	477
310.726576664	478
