0.04899071199999999	1
0.049730584999999994	2
0.049808218000000015	3
0.049865833000000026	4
0.050238534	5
0.05038854500000001	6
0.05056931600000003	7
0.05057590500000003	8
0.05063486700000003	9
0.05064764199999999	10
0.05083464700000001	11
0.05084267400000003	12
0.05084982100000002	13
0.05086159800000001	14
0.051017935000000014	15
0.05108691700000001	16
0.05109667600000001	17
0.051108651000000005	18
0.05121245899999999	19
0.05122476100000001	20
0.051395972999999984	21
0.05143996900000003	22
0.051451195000000005	23
0.051507846000000024	24
0.05154435600000001	25
0.05161006600000001	26
0.051696026000000006	27
0.05183595699999999	28
0.051851040000000015	29
0.05188494300000002	30
0.05189072300000003	31
0.05207072800000001	32
0.05207469600000003	33
0.05207600800000001	34
0.052078234	35
0.052113023000000036	36
0.05220192499999998	37
0.05222155100000003	38
0.05222554899999998	39
0.052236682000000034	40
0.052248742999999986	41
0.052369268000000024	42
0.05247771400000001	43
0.052619320000000025	44
0.05266675599999998	45
0.053042895000000034	46
0.05307469100000001	47
0.05309335700000001	48
0.053153333999999997	49
0.053170083000000035	50
0.053182947000000036	51
0.05332703999999999	52
0.053408221000000033	53
0.05343931099999999	54
0.053448996000000026	55
0.053449267999999994	56
0.053511169000000025	57
0.05384668600000003	58
0.05400082500000003	59
0.05400485599999999	60
0.05403944100000002	61
0.05415207	62
0.05416094599999999	63
0.05423270600000002	64
0.054285459000000036	65
0.05429239499999999	66
0.054293329	67
0.05437692500000002	68
0.05452420899999999	69
0.05468588600000002	70
0.054701371	71
0.05470731900000003	72
0.05476893399999999	73
0.054827711	74
0.05486565500000001	75
0.05491807399999998	76
0.05502486200000001	77
0.055163340000000005	78
0.05530560099999998	79
0.055360132000000006	80
0.05538982800000003	81
0.055485175	82
0.055820550000000024	83
0.05585652200000002	84
0.05608019400000003	85
0.05620623600000002	86
0.05643031199999998	87
0.056593326	88
0.05659336100000001	89
0.056778013000000016	90
0.05691419400000003	91
0.05780358000000002	92
0.057808899999999996	93
0.05808149600000001	94
0.05816997899999998	95
0.05924014700000002	96
0.05959131200000001	97
0.05974213300000003	98
0.05987055699999999	99
0.06031051700000001	100
0.09950731400000001	101
0.10103075100000003	102
0.10253975300000001	103
0.104220604	104
0.105403456	105
0.105603114	106
0.10730496500000003	107
0.107589514	108
0.10800100800000001	109
0.10883641799999999	110
0.10896085700000002	111
0.11148051800000003	112
0.14112545199999998	113
0.20011369500000004	114
0.20081562000000003	115
0.20090161100000004	116
0.20215823500000002	117
0.20229749600000002	118
0.20288098	119
0.204108521	120
0.204170809	121
0.204433812	122
0.20477705899999998	123
0.204956537	124
0.205150265	125
0.205458745	126
0.20550641400000003	127
0.20560845300000002	128
0.2058622	129
0.205943826	130
0.205953463	131
0.20598721800000003	132
0.20600348899999998	133
0.206183444	134
0.20654108399999999	135
0.20655147899999998	136
0.20675625800000003	137
0.20683403500000003	138
0.20685571400000002	139
0.20690048900000002	140
0.207037796	141
0.20710628000000003	142
0.207459889	143
0.20761151300000003	144
0.20762946100000002	145
0.207677502	146
0.207708779	147
0.207996992	148
0.208114509	149
0.208203837	150
0.208223626	151
0.20823053600000002	152
0.20826507300000002	153
0.208342541	154
0.20836082500000003	155
0.20846965300000003	156
0.20850131100000002	157
0.208530808	158
0.20853146500000003	159
0.20858861100000003	160
0.20859792500000002	161
0.20863987100000003	162
0.20886297400000003	163
0.20892278600000003	164
0.208967874	165
0.209058886	166
0.20909725499999998	167
0.209291673	168
0.20959683900000003	169
0.209714497	170
0.209749071	171
0.20987446800000004	172
0.21014245400000003	173
0.210166142	174
0.21028046700000003	175
0.21032815	176
0.21033505600000002	177
0.210586326	178
0.21077351300000002	179
0.21084158600000003	180
0.21110302800000003	181
0.211112658	182
0.211141951	183
0.21120426800000003	184
0.21150036700000002	185
0.211551239	186
0.211597148	187
0.212109981	188
0.212143574	189
0.212561247	190
0.21272719500000004	191
0.21307200399999998	192
0.21315314000000002	193
0.214688021	194
0.21621895000000002	195
0.22052072700000003	196
0.24829123200000003	197
0.255374431	198
0.257315942	199
0.258266011	200
0.258628908	201
0.258650904	202
0.263515433	203
0.305093366	204
0.30571294099999996	205
0.306018964	206
0.306335141	207
0.306402031	208
0.30650416399999997	209
0.306660361	210
0.306700821	211
0.306963554	212
0.30699720300000005	213
0.307035557	214
0.30703806400000005	215
0.307278138	216
0.30774094300000004	217
0.30784158	218
0.307844469	219
0.308009025	220
0.30802919	221
0.30804319799999996	222
0.30805239200000006	223
0.30824893300000006	224
0.308275491	225
0.30830999100000006	226
0.30832435500000005	227
0.308381348	228
0.30845364000000003	229
0.30853768	230
0.30867009900000003	231
0.30880768100000006	232
0.308807899	233
0.308962491	234
0.30902243999999995	235
0.309297699	236
0.30960535000000006	237
0.30963656	238
0.309652611	239
0.309701548	240
0.30981856999999996	241
0.309923798	242
0.30994662300000003	243
0.310087501	244
0.310173636	245
0.31058978	246
0.31064532100000003	247
0.31074856300000003	248
0.31200920400000004	249
0.31350468300000006	250
0.353956687	251
0.45584986499999997	252
0.5036818569999999	253
0.5049417570000001	254
0.549218244	255
0.654362645	256
0.7011261849999999	257
0.7055609220000001	258
0.7120758840000001	259
0.7522319100000001	260
0.809971693	261
0.860301963	262
0.860880673	263
0.906816496	264
0.909836992	265
0.910326894	266
0.9108577789999999	267
0.9113170939999999	268
0.911322913	269
0.9114221599999999	270
0.9117496919999999	271
0.912257638	272
0.912336974	273
0.912541432	274
0.913109105	275
0.914022567	276
0.957815487	277
0.960682332	278
0.960698788	279
0.9612839209999999	280
0.962696363	281
0.9630141999999999	282
0.964477775	283
1.007753222	284
1.008395608	285
1.010793479	286
1.0594285589999999	287
1.060165766	288
1.061145102	289
1.061258482	290
1.062910996	291
1.160641917	292
1.2161917	293
1.412548714	294
1.4600035599999999	295
1.463881988	296
1.512148377	297
1.563857024	298
2.111820802	299
2.1647288330000003	300
2.6150931070000003	301
3.1097426460000004	302
3.266104959	303
3.955644137	304
3.957520045	305
4.059508379	306
4.063843906	307
4.109069735	308
4.20499661	309
4.206554651	310
4.257591421	311
4.2588257480000005	312
4.2601462660000005	313
4.264293724	314
4.265141344	315
4.306355798	316
4.3083213670000005	317
4.309083238	318
4.31093883	319
4.312120301	320
4.312323911	321
4.314361353	322
4.3181422540000005	323
4.409556833	324
4.4105637	325
4.4631143380000005	326
4.5065237080000005	327
4.5113406110000005	328
4.512664881	329
4.5181329120000004	330
4.5592413	331
4.657562714	332
4.6672287820000005	333
4.809329557	334
4.809330501	335
4.963998909	336
5.423978134	337
5.673322092	338
5.910494775	339
5.911761983	340
5.961479229	341
5.963236899	342
5.965841838	343
5.965911520000001	344
5.967795006	345
5.974331994	346
5.975391535	347
6.018075584	348
6.069524885	349
6.071253974	350
6.112958048	351
6.17770755	352
6.32357312	353
6.359591246	354
6.368504239	355
6.421296981	356
6.461207333	357
6.66987455	358
6.717703387	359
6.7212197940000005	360
6.96567841	361
7.723235528	362
7.868511109000001	363
7.9278803259999995	364
8.020212982999999	365
8.169478299	366
8.418796817999999	367
8.578480941999999	368
8.7826323	369
8.819492213999998	370
8.915338706	371
9.022411513	372
9.070956351	373
9.167382849	374
9.168803597	375
9.576366635	376
9.668182349999999	377
9.771156831999999	378
9.876450503	379
10.123075785	380
11.286427753	381
11.580863683999999	382
11.992607801999998	383
12.979266640999999	384
13.687139272	385
14.102112582	386
14.890071446999999	387
16.337800081999998	388
17.192713378	389
17.246439425	390
18.045364309	391
18.606297889	392
20.302586593	393
20.60272037	394
21.805157318	395
22.010567649	396
22.412337972	397
22.85667169	398
22.921573717999998	399
23.013423921999998	400
23.853312873	401
24.012406258	402
24.36059035	403
25.813074693	404
29.298981087999998	405
29.751071314	406
30.52775614	407
39.051204025000004	408
41.063080672000005	409
52.873713566000006	410
55.617107574	411
69.557855074	412
70.113995079	413
94.84082504300001	414
96.74297666300001	415
102.6993452	416
108.379455939	417
114.179267443	418
114.54406257800001	419
114.58995479400001	420
114.876227156	421
115.280873403	422
115.28359397	423
115.432622216	424
115.74164319500001	425
115.927623102	426
116.032954242	427
116.28732566800001	428
116.38214893600001	429
116.388721199	430
116.38977374000001	431
116.434124581	432
116.48375833200001	433
116.58466703900001	434
116.693559268	435
116.73658909000001	436
116.744957849	437
116.780762903	438
116.840259294	439
116.84311931	440
117.242824045	441
117.386608928	442
117.884821425	443
181.63465255399998	444
220.627447722	445
221.954762845	446
225.831715184	447
233.793370052	448
242.74643285099998	449
252.66126575299998	450
284.992145121	451
506.19690915900003	452
522.298915838	453
524.782572442	454
